0 0.071875 0.4359375 0.08125 0.2765625
0 0.14140625 0.4078125 0.078125 0.31484375
0 0.06953125 0.79765625 0.1390625 0.4046875
0 0.2296875 0.8015625 0.20234375 0.396875
0 0.21953125 0.5375 0.10390625 0.18125
0 0.4609375 0.78984375 0.1734375 0.4203125
0 0.68359375 0.8375 0.190625 0.325
0 0.5984375 0.60546875 0.14296875 0.296875
0 0.46015625 0.5640625 0.11328125 0.1671875
0 0.375 0.46015625 0.08203125 0.21640625
0 0.3203125 0.3796875 0.08671875 0.2078125
0 0.403125 0.35859375 0.04453125 0.18046875
0 0.45703125 0.4203125 0.05390625 0.14921875
0 0.53359375 0.415625 0.07109375 0.1484375