0 0.69921875 0.68046875 0.13515625 0.47578125
0 0.44453125 0.66640625 0.10859375 0.35546875
0 0.52734375 0.503125 0.0734375 0.19609375
0 0.37109375 0.50234375 0.0640625 0.23828125
0 0.4390625 0.3859375 0.05625 0.13984375
0 0.5546875 0.33828125 0.053125 0.096875
0 0.72421875 0.38828125 0.0578125 0.18828125
0 0.65 0.22265625 0.0390625 0.084375
0 0.778125 0.396875 0.046875 0.14609375
0 0.83828125 0.44296875 0.0671875 0.24296875
0 0.903125 0.40390625 0.05390625 0.13203125
0 0.95078125 0.61484375 0.0984375 0.33515625
0 0.95390625 0.36171875 0.0578125 0.1875