0 0.44453125 0.8671875 0.1375 0.265625
0 0.715625 0.83203125 0.128125 0.3359375
0 0.43828125 0.659375 0.09765625 0.16640625
0 0.540625 0.6828125 0.10390625 0.23359375
0 0.4421875 0.525 0.08359375 0.18046875
0 0.35078125 0.68125 0.075 0.27109375
0 0.52109375 0.5265625 0.06640625 0.18359375
0 0.59921875 0.55703125 0.0828125 0.19296875
0 0.5640625 0.44453125 0.06328125 0.11796875
0 0.75078125 0.51796875 0.07109375 0.26171875
0 0.57578125 0.2703125 0.03359375 0.1546875
0 0.81484375 0.459375 0.05625 0.17265625
0 0.878125 0.5578125 0.07734375 0.1984375
0 0.940625 0.4203125 0.0734375 0.1296875
0 0.9625 0.5625 0.075 0.2203125