0 0.22890625 0.5265625 0.0890625 0.3109375
0 0.46484375 0.5578125 0.05859375 0.309375
0 0.5421875 0.54921875 0.08203125 0.2921875
0 0.64296875 0.5703125 0.0828125 0.32578125
0 0.75 0.55390625 0.09609375 0.25703125
0 0.7015625 0.43125 0.0734375 0.1625
0 0.60625 0.4109375 0.05 0.11484375
0 0.50625 0.346875 0.06640625 0.14140625
0 0.4453125 0.315625 0.06640625 0.1625
0 0.29453125 0.3609375 0.05078125 0.11875
0 0.31484375 0.3109375 0.05 0.1171875
0 0.2296875 0.34453125 0.03828125 0.1046875
0 0.06328125 0.47890625 0.0984375 0.16796875