0 0.44765625 0.56171875 0.08515625 0.309375
0 0.54140625 0.5890625 0.084375 0.35078125
0 0.6125 0.45546875 0.06328125 0.1765625
0 0.66328125 0.596875 0.078125 0.325
0 0.78828125 0.61484375 0.09921875 0.3140625
0 0.71640625 0.45859375 0.071875 0.20078125
0 0.6375 0.36328125 0.05234375 0.13125
0 0.503125 0.375 0.04453125 0.17265625
0 0.44140625 0.3234375 0.06015625 0.1375
0 0.30234375 0.32578125 0.05078125 0.1578125
0 0.2765625 0.36796875 0.05 0.15
0 0.2078125 0.3671875 0.05546875 0.1296875
0 0.2125 0.56640625 0.09609375 0.3546875
0 0.08984375 0.41953125 0.08046875 0.18203125