0 0.559375 0.27890625 0.053125 0.16875
0 0.43828125 0.89296875 0.13515625 0.2140625
0 0.73984375 0.86328125 0.12734375 0.2734375
0 0.55078125 0.759375 0.10703125 0.2640625
0 0.3359375 0.715625 0.0890625 0.28828125
0 0.4390625 0.5640625 0.06640625 0.1984375
0 0.525 0.55859375 0.075 0.18359375
0 0.60078125 0.57109375 0.08359375 0.2125
0 0.56640625 0.45234375 0.084375 0.11796875
0 0.765625 0.53671875 0.0796875 0.2875
0 0.84453125 0.509375 0.078125 0.240625
0 0.91875 0.60859375 0.0796875 0.2640625
0 0.9671875 0.44296875 0.065625 0.1265625