0 0.465625 0.55546875 0.07578125 0.28125
0 0.54375 0.55234375 0.084375 0.31796875
0 0.6484375 0.56015625 0.0796875 0.3296875
0 0.7625 0.5734375 0.1015625 0.28125
0 0.70625 0.415625 0.07890625 0.16484375
0 0.59921875 0.42421875 0.06015625 0.12578125
0 0.4546875 0.30546875 0.04375 0.09765625
0 0.50546875 0.3421875 0.04140625 0.12421875
0 0.5953125 0.29296875 0.0453125 0.09296875
0 0.63125 0.34609375 0.0453125 0.08828125
0 0.24453125 0.5359375 0.09140625 0.30859375
0 0.196875 0.41796875 0.05 0.15625
0 0.29609375 0.34765625 0.0421875 0.13125
0 0.32265625 0.30703125 0.053125 0.125
0 0.075 0.484375 0.0671875 0.2015625
0 0.12734375 0.4109375 0.0578125 0.1828125