0 0.67109375 0.72109375 0.1046875 0.43671875
0 0.4515625 0.71171875 0.10078125 0.31875
0 0.52890625 0.56640625 0.07421875 0.21171875
0 0.3765625 0.54375 0.05859375 0.190625
0 0.4421875 0.4453125 0.06328125 0.128125
0 0.5109375 0.4390625 0.06484375 0.1078125
0 0.58203125 0.46640625 0.0609375 0.14296875
0 0.55078125 0.37421875 0.05390625 0.1046875
0 0.63203125 0.2421875 0.02890625 0.11484375
0 0.7203125 0.44453125 0.05625 0.20546875
0 0.77578125 0.4140625 0.05390625 0.1609375
0 0.83203125 0.475 0.065625 0.18671875
0 0.89375 0.4578125 0.04609375 0.17265625
0 0.9421875 0.40625 0.06015625 0.15625
0 0.94453125 0.68046875 0.1109375 0.3390625