0 0.69296875 0.80625 0.14375 0.3875
0 0.45703125 0.83359375 0.1546875 0.3328125
0 0.5328125 0.65390625 0.08984375 0.21171875
0 0.43671875 0.6109375 0.1015625 0.16171875
0 0.36640625 0.61875 0.07734375 0.24453125
0 0.43984375 0.50234375 0.07109375 0.17890625
0 0.50859375 0.50390625 0.06640625 0.19765625
0 0.584375 0.53515625 0.0796875 0.16796875
0 0.559375 0.41484375 0.0703125 0.11875
0 0.7328125 0.478125 0.06796875 0.1984375
0 0.79375 0.46328125 0.05234375 0.203125
0 0.8625 0.53125 0.05546875 0.18828125
0 0.92734375 0.5296875 0.0578125 0.178125
0 0.9109375 0.421875 0.05625 0.12109375
0 0.9671875 0.42265625 0.0578125 0.16640625