0 0.5265625 0.91953125 0.07578125 0.1609375
0 0.365625 0.91015625 0.05859375 0.17890625
0 0.55390625 0.78046875 0.05078125 0.11484375
0 0.66015625 0.67109375 0.0296875 0.0828125
0 0.72265625 0.853125 0.06171875 0.21328125
0 0.7875 0.8140625 0.0546875 0.15546875
0 0.84921875 0.865625 0.0734375 0.16640625
0 0.91328125 0.84375 0.05625 0.14296875
0 0.95625 0.78046875 0.05625 0.16796875
0 0.96484375 0.93984375 0.0703125 0.1203125
0 0.58671875 0.859375 0.05546875 0.159375
0 0.4390625 0.8359375 0.06328125 0.134375