0 0.54140625 0.27734375 0.040625 0.165625
0 0.3234375 0.79921875 0.09140625 0.39453125
0 0.42109375 0.7609375 0.09921875 0.2390625
0 0.55390625 0.7953125 0.13203125 0.26015625
0 0.7828125 0.90078125 0.16796875 0.19765625
0 0.43203125 0.5859375 0.0734375 0.17421875
0 0.52578125 0.58984375 0.084375 0.2140625
0 0.61484375 0.60546875 0.08671875 0.21015625
0 0.57578125 0.47109375 0.0765625 0.12421875
0 0.78671875 0.52734375 0.0828125 0.24375
0 0.86796875 0.4953125 0.0734375 0.26328125
0 0.9578125 0.62265625 0.08359375 0.27578125