0 0.45078125 0.55078125 0.09609375 0.2953125
0 0.54296875 0.54453125 0.0859375 0.2875
0 0.6421875 0.56875 0.08828125 0.3
0 0.75 0.55390625 0.1140625 0.246875
0 0.7078125 0.4203125 0.071875 0.13359375
0 0.59453125 0.39921875 0.05078125 0.115625
0 0.50390625 0.36015625 0.0609375 0.1328125
0 0.44453125 0.32734375 0.05625 0.1578125
0 0.315625 0.30703125 0.0453125 0.125
0 0.2921875 0.3484375 0.046875 0.12109375
0 0.2359375 0.52265625 0.0796875 0.31015625
0 0.0625 0.4859375 0.07734375 0.19296875
0 0.19453125 0.37109375 0.05390625 0.08984375