0 0.05390625 0.42109375 0.0796875 0.20546875
0 0.12265625 0.41875 0.07578125 0.2375
0 0.17578125 0.3765625 0.0546875 0.2328125
0 0.17109375 0.67578125 0.1234375 0.403125
0 0.30234375 0.7171875 0.11796875 0.48515625
0 0.26640625 0.45078125 0.07265625 0.13046875
0 0.4578125 0.73046875 0.13671875 0.496875
0 0.6015625 0.76171875 0.1328125 0.47578125
0 0.3890625 0.415625 0.06328125 0.15546875
0 0.33984375 0.35078125 0.05546875 0.14921875
0 0.46015625 0.4015625 0.0515625 0.15546875
0 0.56953125 0.3578125 0.05625 0.16328125