0 0.45078125 0.77265625 0.13984375 0.34609375
0 0.6734375 0.75859375 0.103125 0.421875
0 0.53515625 0.6 0.1015625 0.17109375
0 0.44609375 0.49375 0.06484375 0.1296875
0 0.5140625 0.4828125 0.053125 0.14296875
0 0.5828125 0.4921875 0.065625 0.13828125
0 0.55234375 0.4078125 0.0546875 0.11171875
0 0.71875 0.4546875 0.06640625 0.2140625
0 0.7828125 0.46015625 0.05390625 0.22890625
0 0.84375 0.50234375 0.06328125 0.2015625
0 0.90390625 0.47734375 0.0734375 0.15234375
0 0.89609375 0.39140625 0.06640625 0.09921875
0 0.94921875 0.3921875 0.05703125 0.15703125
0 0.95546875 0.70625 0.0890625 0.321875