0 0.62421875 0.25546875 0.040625 0.16171875
0 0.45625 0.76484375 0.10703125 0.3390625
0 0.6640625 0.75 0.0984375 0.40390625
0 0.53046875 0.596875 0.06796875 0.18046875
0 0.4453125 0.4921875 0.05859375 0.16171875
0 0.5125 0.48125 0.0578125 0.14453125
0 0.58203125 0.49375 0.075 0.1609375
0 0.553125 0.3953125 0.06875 0.13515625
0 0.72109375 0.465625 0.06796875 0.2171875
0 0.7765625 0.4359375 0.06015625 0.140625
0 0.83125 0.50234375 0.0640625 0.17890625
0 0.946875 0.6921875 0.10625 0.3234375
0 0.89609375 0.4890625 0.05859375 0.15546875
0 0.94609375 0.409375 0.05234375 0.13984375
0 0.88515625 0.3859375 0.05390625 0.0921875